 5.00000000E+01
 5.25000000E+01
 5.50000000E+01
 5.75000000E+01
 6.00000000E+01
 6.25000000E+01
 6.50000000E+01
 6.75000000E+01
 7.00000000E+01
 7.25000000E+01
 7.50000000E+01
 7.75000000E+01
 8.00000000E+01
 8.25000000E+01
 8.50000000E+01
 8.75000000E+01
 9.00000000E+01
 9.25000000E+01
 9.50000000E+01
 9.75000000E+01
 1.00000000E+02
 1.12500000E+02
 1.25000000E+02
 1.37500000E+02
 1.50000000E+02
 1.62500000E+02
 1.75000000E+02
 1.87500000E+02
 2.00000000E+02
 2.12500000E+02
 2.25000000E+02
 2.37500000E+02
 2.50000000E+02
 2.62500000E+02
 2.75000000E+02
 2.87500000E+02
 3.00000000E+02
 3.12500000E+02
 3.25000000E+02
 3.37500000E+02
 3.50000000E+02
 3.62500000E+02
 3.75000000E+02
 3.87500000E+02
 4.00000000E+02
 4.12500000E+02
 4.25000000E+02
 4.37500000E+02
 4.50000000E+02
 4.62500000E+02
 4.75000000E+02
 4.87500000E+02
 5.00000000E+02
 5.12500000E+02
 5.25000000E+02
 5.37500000E+02
 5.50000000E+02
 5.62500000E+02
 5.75000000E+02
 5.87500000E+02
 6.00000000E+02
 6.12500000E+02
 6.25000000E+02
 6.37500000E+02
 6.50000000E+02
 6.62500000E+02
 6.75000000E+02
 6.87500000E+02
 7.00000000E+02
 7.12500000E+02
 7.25000000E+02
 7.37500000E+02
 7.50000000E+02
 7.62500000E+02
 7.75000000E+02
 7.87500000E+02
 8.00000000E+02
 8.12500000E+02
 8.25000000E+02
 8.37500000E+02
 8.50000000E+02
 8.62500000E+02
 8.75000000E+02
 8.87500000E+02
 9.00000000E+02
 9.12500000E+02
 9.25000000E+02
 9.37500000E+02
 9.50000000E+02
 9.62500000E+02
 9.75000000E+02
 9.87500000E+02
 1.00000000E+03
 1.12500000E+03
 1.25000000E+03
 1.37500000E+03
 1.50000000E+03
 1.62500000E+03
 1.75000000E+03
 1.87500000E+03
 2.00000000E+03
 2.12500000E+03
 2.25000000E+03
 2.37500000E+03
 2.50000000E+03
 2.62500000E+03
 2.75000000E+03
 2.87500000E+03
 3.00000000E+03
 3.12500000E+03
 3.25000000E+03
 3.37500000E+03
 3.50000000E+03
 3.62500000E+03
 3.75000000E+03
 3.87500000E+03
 4.00000000E+03
 4.12500000E+03
 4.25000000E+03
 4.37500000E+03
 4.50000000E+03
 4.62500000E+03
 4.75000000E+03
 4.87500000E+03
 5.00000000E+03
 5.12500000E+03
 5.25000000E+03
 5.37500000E+03
 5.50000000E+03
 5.62500000E+03
 5.75000000E+03
 5.87500000E+03
 6.00000000E+03
 6.12500000E+03
 6.25000000E+03
 6.37500000E+03
 6.50000000E+03
 6.62500000E+03
 6.75000000E+03
 6.87500000E+03
 7.00000000E+03
 7.12500000E+03
 7.25000000E+03
 7.37500000E+03
 7.50000000E+03
 7.62500000E+03
 7.75000000E+03
 7.87500000E+03
 8.00000000E+03
 8.12500000E+03
 8.25000000E+03
 8.37500000E+03
 8.50000000E+03
 8.62500000E+03
 8.75000000E+03
 8.87500000E+03
 9.00000000E+03
 9.12500000E+03
 9.25000000E+03
 9.37500000E+03
 9.50000000E+03
 9.62500000E+03
 9.75000000E+03
 9.87500000E+03
 1.00000000E+04
