 0.00000000E+00
 1.00000000E-02
 2.00000000E-02
 3.00000000E-02
 4.00000000E-02
 5.00000000E-02
 6.00000000E-02
 7.00000000E-02
 8.00000000E-02
 9.00000000E-02
 1.00000000E-01
 1.10000000E-01
 1.20000000E-01
 1.30000000E-01
 1.40000000E-01
 1.50000000E-01
 1.60000000E-01
 1.70000000E-01
 1.80000000E-01
 1.90000000E-01
 2.00000000E-01
 2.10000000E-01
 2.20000000E-01
 2.30000000E-01
 2.40000000E-01
 2.50000000E-01
 2.60000000E-01
 2.70000000E-01
 2.80000000E-01
 2.90000000E-01
 3.00000000E-01
 3.10000000E-01
 3.20000000E-01
 3.30000000E-01
 3.40000000E-01
 3.50000000E-01
 3.60000000E-01
 3.70000000E-01
 3.80000000E-01
 3.90000000E-01
 4.00000000E-01
 4.10000000E-01
 4.20000000E-01
 4.30000000E-01
 4.40000000E-01
 4.50000000E-01
 4.60000000E-01
 4.70000000E-01
 4.80000000E-01
 4.90000000E-01
 5.00000000E-01
 5.10000000E-01
 5.20000000E-01
 5.30000000E-01
 5.40000000E-01
 5.50000000E-01
 5.60000000E-01
 5.70000000E-01
 5.80000000E-01
 5.90000000E-01
 6.00000000E-01
 6.10000000E-01
 6.20000000E-01
 6.30000000E-01
 6.40000000E-01
 6.50000000E-01
 6.60000000E-01
 6.70000000E-01
 6.80000000E-01
 6.90000000E-01
 7.00000000E-01
 7.10000000E-01
 7.20000000E-01
 7.30000000E-01
 7.40000000E-01
 7.50000000E-01
 7.60000000E-01
 7.70000000E-01
 7.80000000E-01
 7.90000000E-01
 8.00000000E-01
 8.10000000E-01
 8.20000000E-01
 8.30000000E-01
 8.40000000E-01
 8.50000000E-01
 8.60000000E-01
 8.70000000E-01
 8.80000000E-01
 8.90000000E-01
 9.00000000E-01
 9.10000000E-01
 9.20000000E-01
 9.30000000E-01
 9.40000000E-01
 9.50000000E-01
 9.60000000E-01
 9.70000000E-01
 9.80000000E-01
 9.90000000E-01
 1.00000000E+00
 1.01000000E+00
 1.02000000E+00
 1.03000000E+00
 1.04000000E+00
 1.05000000E+00
 1.06000000E+00
 1.07000000E+00
 1.08000000E+00
 1.09000000E+00
 1.10000000E+00
 1.11000000E+00
 1.12000000E+00
 1.13000000E+00
 1.14000000E+00
 1.15000000E+00
 1.16000000E+00
 1.17000000E+00
 1.18000000E+00
 1.19000000E+00
 1.20000000E+00
 1.21000000E+00
 1.22000000E+00
 1.23000000E+00
 1.24000000E+00
 1.25000000E+00
 1.26000000E+00
 1.27000000E+00
 1.28000000E+00
 1.29000000E+00
 1.30000000E+00
 1.31000000E+00
 1.32000000E+00
 1.33000000E+00
 1.34000000E+00
 1.35000000E+00
 1.36000000E+00
 1.37000000E+00
 1.38000000E+00
 1.39000000E+00
 1.40000000E+00
 1.41000000E+00
 1.42000000E+00
 1.43000000E+00
 1.44000000E+00
 1.45000000E+00
 1.46000000E+00
 1.47000000E+00
 1.48000000E+00
 1.49000000E+00
 1.50000000E+00
 1.51000000E+00
 1.52000000E+00
 1.53000000E+00
 1.54000000E+00
 1.55000000E+00
 1.56000000E+00
 1.57000000E+00
 1.58000000E+00
 1.59000000E+00
 1.60000000E+00
 1.61000000E+00
 1.62000000E+00
 1.63000000E+00
 1.64000000E+00
 1.65000000E+00
 1.66000000E+00
 1.67000000E+00
 1.68000000E+00
 1.69000000E+00
 1.70000000E+00
 1.71000000E+00
 1.72000000E+00
 1.73000000E+00
 1.74000000E+00
 1.75000000E+00
 1.76000000E+00
 1.77000000E+00
 1.78000000E+00
 1.79000000E+00
 1.80000000E+00
 1.81000000E+00
 1.82000000E+00
 1.83000000E+00
 1.84000000E+00
 1.85000000E+00
 1.86000000E+00
 1.87000000E+00
 1.88000000E+00
 1.89000000E+00
 1.90000000E+00
 1.91000000E+00
 1.92000000E+00
 1.93000000E+00
 1.94000000E+00
 1.95000000E+00
 1.96000000E+00
 1.97000000E+00
 1.98000000E+00
 1.99000000E+00
 2.00000000E+00
 2.05000000E+00
 2.10000000E+00
 2.15000000E+00
 2.20000000E+00
 2.25000000E+00
 2.30000000E+00
 2.35000000E+00
 2.40000000E+00
 2.45000000E+00
 2.50000000E+00
 2.55000000E+00
 2.60000000E+00
 2.65000000E+00
 2.70000000E+00
 2.75000000E+00
 2.80000000E+00
 2.85000000E+00
 2.90000000E+00
 2.95000000E+00
 3.00000000E+00
 3.05000000E+00
 3.10000000E+00
 3.15000000E+00
 3.20000000E+00
 3.25000000E+00
 3.30000000E+00
 3.35000000E+00
 3.40000000E+00
 3.45000000E+00
 3.50000000E+00
 3.55000000E+00
 3.60000000E+00
 3.65000000E+00
 3.70000000E+00
 3.75000000E+00
 3.80000000E+00
 3.85000000E+00
 3.90000000E+00
 3.95000000E+00
 4.00000000E+00
 4.05000000E+00
 4.10000000E+00
 4.15000000E+00
 4.20000000E+00
 4.25000000E+00
 4.30000000E+00
 4.35000000E+00
 4.40000000E+00
 4.45000000E+00
 4.50000000E+00
 4.55000000E+00
 4.60000000E+00
 4.65000000E+00
 4.70000000E+00
 4.75000000E+00
 4.80000000E+00
 4.85000000E+00
 4.90000000E+00
 4.95000000E+00
 5.00000000E+00
 5.10000000E+00
 5.20000000E+00
 5.30000000E+00
 5.40000000E+00
 5.50000000E+00
 5.60000000E+00
 5.70000000E+00
 5.80000000E+00
 5.90000000E+00
 6.00000000E+00
 6.10000000E+00
 6.20000000E+00
 6.30000000E+00
 6.40000000E+00
 6.50000000E+00
 6.60000000E+00
 6.70000000E+00
 6.80000000E+00
 6.90000000E+00
 7.00000000E+00
 7.10000000E+00
 7.20000000E+00
 7.30000000E+00
 7.40000000E+00
 7.50000000E+00
 7.60000000E+00
 7.70000000E+00
 7.80000000E+00
 7.90000000E+00
 8.00000000E+00
 8.10000000E+00
 8.20000000E+00
 8.30000000E+00
 8.40000000E+00
 8.50000000E+00
 8.60000000E+00
 8.70000000E+00
 8.80000000E+00
 8.90000000E+00
 9.00000000E+00
 9.10000000E+00
 9.20000000E+00
 9.30000000E+00
 9.40000000E+00
 9.50000000E+00
 9.60000000E+00
 9.70000000E+00
 9.80000000E+00
 9.90000000E+00
 1.00000000E+01
 1.05000000E+01
 1.10000000E+01
 1.15000000E+01
 1.20000000E+01
 1.25000000E+01
 1.30000000E+01
 1.35000000E+01
 1.40000000E+01
 1.45000000E+01
 1.50000000E+01
 1.60000000E+01
 1.70000000E+01
 1.80000000E+01
 1.90000000E+01
 2.00000000E+01
 2.10000000E+01
 2.20000000E+01
 2.30000000E+01
 2.40000000E+01
 2.50000000E+01
 2.60000000E+01
 2.70000000E+01
 2.80000000E+01
 2.90000000E+01
 3.00000000E+01
 3.10000000E+01
 3.20000000E+01
 3.30000000E+01
 3.40000000E+01
 3.50000000E+01
 3.60000000E+01
 3.70000000E+01
 3.80000000E+01
 3.90000000E+01
 4.00000000E+01
 4.10000000E+01
 4.20000000E+01
 4.30000000E+01
 4.40000000E+01
 4.50000000E+01
 4.60000000E+01
 4.70000000E+01
 4.80000000E+01
 4.90000000E+01
 5.00000000E+01
 5.10000000E+01
 5.20000000E+01
 5.30000000E+01
 5.40000000E+01
 5.50000000E+01
 5.60000000E+01
 5.70000000E+01
 5.80000000E+01
 5.90000000E+01
 6.00000000E+01
 6.10000000E+01
 6.20000000E+01
 6.30000000E+01
 6.40000000E+01
 6.50000000E+01
 6.60000000E+01
 6.70000000E+01
 6.80000000E+01
 6.90000000E+01
 7.00000000E+01
 7.10000000E+01
 7.20000000E+01
 7.30000000E+01
 7.40000000E+01
 7.50000000E+01
 7.60000000E+01
 7.70000000E+01
 7.80000000E+01
 7.90000000E+01
 8.00000000E+01
 8.10000000E+01
 8.20000000E+01
 8.30000000E+01
 8.40000000E+01
 8.50000000E+01
 8.60000000E+01
 8.70000000E+01
 8.80000000E+01
 8.90000000E+01
 9.00000000E+01
 9.10000000E+01
 9.20000000E+01
 9.30000000E+01
 9.40000000E+01
 9.50000000E+01
 9.60000000E+01
 9.70000000E+01
 9.80000000E+01
 9.90000000E+01
 1.00000000E+02
 1.01000000E+02
 1.02000000E+02
 1.03000000E+02
 1.04000000E+02
 1.05000000E+02
 1.06000000E+02
 1.07000000E+02
 1.08000000E+02
 1.09000000E+02
 1.10000000E+02
 1.11000000E+02
 1.12000000E+02
 1.13000000E+02
 1.14000000E+02
 1.15000000E+02
 1.16000000E+02
 1.17000000E+02
 1.18000000E+02
 1.19000000E+02
 1.20000000E+02
 1.21000000E+02
 1.22000000E+02
 1.23000000E+02
 1.24000000E+02
 1.25000000E+02
 1.26000000E+02
 1.27000000E+02
 1.28000000E+02
 1.29000000E+02
 1.30000000E+02
 1.31000000E+02
 1.32000000E+02
 1.33000000E+02
 1.34000000E+02
 1.35000000E+02
 1.36000000E+02
 1.37000000E+02
 1.38000000E+02
 1.39000000E+02
 1.40000000E+02
 1.41000000E+02
 1.42000000E+02
 1.43000000E+02
 1.44000000E+02
 1.45000000E+02
 1.46000000E+02
 1.47000000E+02
 1.48000000E+02
 1.49000000E+02
 1.50000000E+02
 1.51000000E+02
 1.52000000E+02
 1.53000000E+02
 1.54000000E+02
 1.55000000E+02
 1.56000000E+02
 1.57000000E+02
 1.58000000E+02
 1.59000000E+02
 1.60000000E+02
 1.61000000E+02
 1.62000000E+02
 1.63000000E+02
 1.64000000E+02
 1.65000000E+02
 1.66000000E+02
 1.67000000E+02
 1.68000000E+02
 1.69000000E+02
 1.70000000E+02
 1.71000000E+02
 1.72000000E+02
 1.73000000E+02
 1.74000000E+02
 1.75000000E+02
 1.76000000E+02
 1.76250000E+02
 1.76500000E+02
 1.76750000E+02
 1.77000000E+02
 1.77250000E+02
 1.77500000E+02
 1.77750000E+02
 1.78000000E+02
 1.78250000E+02
 1.78500000E+02
 1.78750000E+02
 1.79000000E+02
 1.79250000E+02
 1.79500000E+02
 1.79750000E+02
 1.80000000E+02
