 0.00000000E+00
 1.00000000E-02
 2.00000000E-02
 3.00000000E-02
 4.00000000E-02
 5.00000000E-02
 6.00000000E-02
 7.00000000E-02
 8.00000000E-02
 9.00000000E-02
 1.00000000E-01
 1.10000000E-01
 1.20000000E-01
 1.30000000E-01
 1.40000000E-01
 1.50000000E-01
 1.60000000E-01
 1.70000000E-01
 1.80000000E-01
 1.90000000E-01
 2.00000000E-01
 2.10000000E-01
 2.20000000E-01
 2.30000000E-01
 2.40000000E-01
 2.50000000E-01
 2.60000000E-01
 2.70000000E-01
 2.80000000E-01
 2.90000000E-01
 3.00000000E-01
 4.00000000E-01
 5.00000000E-01
 6.00000000E-01
 7.00000000E-01
 8.00000000E-01
 9.00000000E-01
 1.00000000E+00
 1.10000000E+00
 1.20000000E+00
 1.30000000E+00
 1.40000000E+00
 1.50000000E+00
 1.60000000E+00
 1.70000000E+00
 1.80000000E+00
 1.90000000E+00
 2.00000000E+00
 2.10000000E+00
 2.20000000E+00
 2.30000000E+00
 2.40000000E+00
 2.50000000E+00
 2.60000000E+00
 2.70000000E+00
 2.80000000E+00
 2.90000000E+00
 3.00000000E+00
 3.50000000E+00
 4.00000000E+00
 4.50000000E+00
 5.00000000E+00
 5.50000000E+00
 6.00000000E+00
 6.50000000E+00
 7.00000000E+00
 7.50000000E+00
 8.00000000E+00
 8.50000000E+00
 9.00000000E+00
 9.50000000E+00
 1.00000000E+01
 1.20000000E+01
 1.40000000E+01
 1.60000000E+01
 1.80000000E+01
 2.00000000E+01
 2.20000000E+01
 2.40000000E+01
 2.60000000E+01
 2.80000000E+01
 3.00000000E+01
 3.50000000E+01
 4.00000000E+01
 4.50000000E+01
 5.00000000E+01
 5.50000000E+01
 6.00000000E+01
 6.50000000E+01
 7.00000000E+01
 7.50000000E+01
 8.00000000E+01
 8.50000000E+01
 9.00000000E+01
