 0.00000000E+00
 2.00000000E+00
 4.00000000E+00
 6.00000000E+00
 8.00000000E+00
 1.00000000E+01
 1.20000000E+01
 1.40000000E+01
 1.60000000E+01
 1.80000000E+01
 2.00000000E+01
 2.20000000E+01
 2.40000000E+01
 2.60000000E+01
 2.80000000E+01
 3.00000000E+01
 3.20000000E+01
 3.40000000E+01
 3.60000000E+01
 3.80000000E+01
 4.00000000E+01
 4.20000000E+01
 4.40000000E+01
 4.60000000E+01
 4.80000000E+01
 5.00000000E+01
 5.20000000E+01
 5.40000000E+01
 5.60000000E+01
 5.80000000E+01
 6.00000000E+01
 6.20000000E+01
 6.40000000E+01
 6.60000000E+01
 6.80000000E+01
 7.00000000E+01
 7.20000000E+01
 7.40000000E+01
 7.60000000E+01
 7.80000000E+01
 8.00000000E+01
 8.20000000E+01
 8.40000000E+01
 8.60000000E+01
 8.80000000E+01
 9.00000000E+01
 9.20000000E+01
 9.40000000E+01
 9.60000000E+01
 9.80000000E+01
 1.00000000E+02
 1.02000000E+02
 1.04000000E+02
 1.06000000E+02
 1.08000000E+02
 1.10000000E+02
 1.12000000E+02
 1.14000000E+02
 1.16000000E+02
 1.18000000E+02
 1.20000000E+02
 1.22000000E+02
 1.24000000E+02
 1.26000000E+02
 1.28000000E+02
 1.30000000E+02
 1.32000000E+02
 1.34000000E+02
 1.36000000E+02
 1.38000000E+02
 1.40000000E+02
 1.42000000E+02
 1.44000000E+02
 1.46000000E+02
 1.48000000E+02
 1.50000000E+02
 1.52000000E+02
 1.54000000E+02
 1.56000000E+02
 1.58000000E+02
 1.60000000E+02
 1.62000000E+02
 1.64000000E+02
 1.66000000E+02
 1.68000000E+02
 1.70000000E+02
 1.72000000E+02
 1.74000000E+02
 1.76000000E+02
 1.78000000E+02
 1.80000000E+02
 1.82000000E+02
 1.84000000E+02
 1.86000000E+02
 1.88000000E+02
 1.90000000E+02
 1.92000000E+02
 1.94000000E+02
 1.96000000E+02
 1.98000000E+02
 2.00000000E+02
 2.02000000E+02
 2.04000000E+02
 2.06000000E+02
 2.08000000E+02
 2.10000000E+02
 2.12000000E+02
 2.14000000E+02
 2.16000000E+02
 2.18000000E+02
 2.20000000E+02
 2.22000000E+02
 2.24000000E+02
 2.26000000E+02
 2.28000000E+02
 2.30000000E+02
 2.32000000E+02
 2.34000000E+02
 2.36000000E+02
 2.38000000E+02
 2.40000000E+02
 2.42000000E+02
 2.44000000E+02
 2.46000000E+02
 2.48000000E+02
 2.50000000E+02
 2.52000000E+02
 2.54000000E+02
 2.56000000E+02
 2.58000000E+02
 2.60000000E+02
 2.62000000E+02
 2.64000000E+02
 2.66000000E+02
 2.68000000E+02
 2.70000000E+02
 2.72000000E+02
 2.74000000E+02
 2.76000000E+02
 2.78000000E+02
 2.80000000E+02
 2.82000000E+02
 2.84000000E+02
 2.86000000E+02
 2.88000000E+02
 2.90000000E+02
 2.92000000E+02
 2.94000000E+02
 2.96000000E+02
 2.98000000E+02
 3.00000000E+02
 3.02000000E+02
 3.04000000E+02
 3.06000000E+02
 3.08000000E+02
 3.10000000E+02
 3.12000000E+02
 3.14000000E+02
 3.16000000E+02
 3.18000000E+02
 3.20000000E+02
 3.22000000E+02
 3.24000000E+02
 3.26000000E+02
 3.28000000E+02
 3.30000000E+02
 3.32000000E+02
 3.34000000E+02
 3.36000000E+02
 3.38000000E+02
 3.40000000E+02
 3.42000000E+02
 3.44000000E+02
 3.46000000E+02
 3.48000000E+02
 3.50000000E+02
 3.52000000E+02
 3.54000000E+02
 3.56000000E+02
 3.58000000E+02
